0 1 8
0 2 4
0 3 5
0 4 8
0 5 5
0 6 4
0 7 6
0 8 5
0 9 6
0 10 4
0 11 7
0 12 5
0 13 10
0 14 9
0 15 4
0 16 3
0 17 4
0 18 4
0 19 3
0 20 9
0 21 5
0 22 8
0 23 4
0 24 6
0 25 3
0 26 2
0 27 4
0 28 9
0 29 9
0 30 2
0 31 7
0 32 4
0 33 4
0 34 8
0 35 7
0 36 5
0 37 4
0 38 5
0 39 7
0 40 3
0 41 7
0 42 8
0 43 4
0 44 5
0 45 4
0 46 9
0 47 5
0 48 9
0 49 9
0 50 5
0 51 8
0 52 3
0 53 8
0 54 4
0 55 6
0 56 7
0 57 4
0 58 6
0 59 3
0 60 8
0 61 8
0 62 4
0 63 9
0 64 5
0 65 5
0 66 7
0 67 5
0 68 6
0 69 9
0 70 5
0 71 9
0 72 6
0 73 3
0 74 8
0 75 8
0 76 4
0 77 8
0 78 3
0 79 4
0 80 4
0 81 5
0 82 9
0 83 9
0 84 3
0 85 4
0 86 6
0 87 4
0 88 5
0 89 8
0 90 6
0 91 4
0 92 6
0 93 8
0 94 6
0 95 3
0 96 7
0 97 10
0 98 5
0 99 6
1 2 7
1 3 5
1 4 5
1 5 2
1 6 5
1 7 5
1 8 3
1 9 5
1 10 8
1 11 3
1 12 9
1 13 7
1 14 7
1 15 8
1 16 7
1 17 9
1 18 3
1 19 8
1 20 9
1 21 4
1 22 4
1 23 10
1 24 6
1 25 4
1 26 3
1 27 7
1 28 10
1 29 9
1 30 3
1 31 9
1 32 7
1 33 5
1 34 8
1 35 7
1 36 4
1 37 8
1 38 5
1 39 8
1 40 5
1 41 5
1 42 9
1 43 5
1 44 9
1 45 4
1 46 6
1 47 8
1 48 7
1 49 4
1 50 5
1 51 6
1 52 5
1 53 6
1 54 7
1 55 5
1 56 4
1 57 6
1 58 3
1 59 8
1 60 7
1 61 10
1 62 5
1 63 6
1 64 9
1 65 7
1 66 9
1 67 7
1 68 4
1 69 9
1 70 3
1 71 6
1 72 6
1 73 6
1 74 8
1 75 6
1 76 4
1 77 4
1 78 3
1 79 6
1 80 9
1 81 4
1 82 3
1 83 4
1 84 4
1 85 4
1 86 7
1 87 9
1 88 9
1 89 5
1 90 8
1 91 4
1 92 7
1 93 4
1 94 7
1 95 9
1 96 6
1 97 4
1 98 3
1 99 3
2 3 5
2 4 9
2 5 6
2 6 6
2 7 5
2 8 5
2 9 6
2 10 7
2 11 8
2 12 9
2 13 7
2 14 8
2 15 4
2 16 5
2 17 7
2 18 9
2 19 10
2 20 7
2 21 9
2 22 8
2 23 6
2 24 6
2 25 6
2 26 6
2 27 6
2 28 6
2 29 10
2 30 8
2 31 9
2 32 9
2 33 3
2 34 4
2 35 3
2 36 4
2 37 4
2 38 3
2 39 3
2 40 3
2 41 4
2 42 2
2 43 8
2 44 7
2 45 7
2 46 7
2 47 10
2 48 6
2 49 6
2 50 8
2 51 3
2 52 4
2 53 3
2 54 4
2 55 3
2 56 7
2 57 4
2 58 9
2 59 5
2 60 9
2 61 6
2 62 4
2 63 5
2 64 6
2 65 5
2 66 2
2 67 4
2 68 8
2 69 7
2 70 6
2 71 3
2 72 8
2 73 5
2 74 9
2 75 7
2 76 8
2 77 7
2 78 4
2 79 5
2 80 4
2 81 8
2 82 9
2 83 8
2 84 11
2 85 3
2 86 2
2 87 10
2 88 10
2 89 2
2 90 7
2 91 10
2 92 7
2 93 9
2 94 2
2 95 7
2 96 4
2 97 3
2 98 11
2 99 9
3 4 6
3 5 4
3 6 8
3 7 5
3 8 6
3 9 3
3 10 7
3 11 7
3 12 3
3 13 7
3 14 5
3 15 10
3 16 5
3 17 6
3 18 4
3 19 7
3 20 3
3 21 5
3 22 8
3 23 4
3 24 8
3 25 5
3 26 8
3 27 8
3 28 3
3 29 5
3 30 9
3 31 3
3 32 3
3 33 5
3 34 9
3 35 11
3 36 9
3 37 8
3 38 8
3 39 10
3 40 6
3 41 8
3 42 6
3 43 6
3 44 8
3 45 6
3 46 6
3 47 2
3 48 3
3 49 5
3 50 9
3 51 8
3 52 6
3 53 9
3 54 7
3 55 6
3 56 7
3 57 6
3 58 8
3 59 6
3 60 10
3 61 6
3 62 5
3 63 5
3 64 4
3 65 3
3 66 10
3 67 5
3 68 8
3 69 4
3 70 10
3 71 8
3 72 3
3 73 10
3 74 3
3 75 5
3 76 6
3 77 11
3 78 8
3 79 9
3 80 4
3 81 4
3 82 9
3 83 3
3 84 9
3 85 10
3 86 4
3 87 5
3 88 5
3 89 6
3 90 5
3 91 7
3 92 3
3 93 8
3 94 7
3 95 8
3 96 6
3 97 7
3 98 8
3 99 6
4 5 9
4 6 7
4 7 9
4 8 4
4 9 6
4 10 3
4 11 9
4 12 2
4 13 4
4 14 7
4 15 5
4 16 8
4 17 3
4 18 9
4 19 8
4 20 5
4 21 6
4 22 9
4 23 5
4 24 8
4 25 4
4 26 5
4 27 7
4 28 8
4 29 3
4 30 7
4 31 5
4 32 7
4 33 10
4 34 6
4 35 4
4 36 7
4 37 10
4 38 7
4 39 7
4 40 9
4 41 6
4 42 2
4 43 9
4 44 5
4 45 4
4 46 5
4 47 6
4 48 8
4 49 4
4 50 8
4 51 9
4 52 8
4 53 10
4 54 5
4 55 8
4 56 6
4 57 2
4 58 5
4 59 4
4 60 4
4 61 6
4 62 10
4 63 5
4 64 6
4 65 8
4 66 7
4 67 6
4 68 4
4 69 4
4 70 7
4 71 4
4 72 5
4 73 3
4 74 8
4 75 5
4 76 9
4 77 10
4 78 8
4 79 9
4 80 6
4 81 9
4 82 6
4 83 9
4 84 8
4 85 7
4 86 6
4 87 3
4 88 8
4 89 6
4 90 6
4 91 7
4 92 4
4 93 7
4 94 3
4 95 5
4 96 6
4 97 4
4 98 6
4 99 9
5 6 8
5 7 8
5 8 2
5 9 8
5 10 4
5 11 5
5 12 5
5 13 8
5 14 3
5 15 6
5 16 5
5 17 4
5 18 3
5 19 9
5 20 7
5 21 9
5 22 7
5 23 5
5 24 9
5 25 2
5 26 8
5 27 8
5 28 9
5 29 5
5 30 4
5 31 7
5 32 9
5 33 5
5 34 7
5 35 6
5 36 7
5 37 3
5 38 10
5 39 4
5 40 6
5 41 8
5 42 4
5 43 7
5 44 4
5 45 2
5 46 4
5 47 9
5 48 6
5 49 6
5 50 8
5 51 4
5 52 9
5 53 3
5 54 5
5 55 5
5 56 8
5 57 10
5 58 7
5 59 8
5 60 6
5 61 10
5 62 6
5 63 9
5 64 5
5 65 6
5 66 9
5 67 10
5 68 4
5 69 5
5 70 7
5 71 6
5 72 5
5 73 4
5 74 5
5 75 8
5 76 5
5 77 4
5 78 9
5 79 5
5 80 4
5 81 5
5 82 9
5 83 5
5 84 8
5 85 8
5 86 6
5 87 5
5 88 8
5 89 7
5 90 8
5 91 5
5 92 9
5 93 9
5 94 4
5 95 4
5 96 5
5 97 7
5 98 2
5 99 11
6 7 10
6 8 8
6 9 5
6 10 7
6 11 2
6 12 4
6 13 7
6 14 8
6 15 3
6 16 9
6 17 7
6 18 7
6 19 9
6 20 8
6 21 9
6 22 9
6 23 5
6 24 6
6 25 8
6 26 5
6 27 5
6 28 8
6 29 9
6 30 6
6 31 7
6 32 7
6 33 9
6 34 9
6 35 6
6 36 5
6 37 5
6 38 3
6 39 2
6 40 8
6 41 8
6 42 8
6 43 10
6 44 9
6 45 7
6 46 7
6 47 5
6 48 6
6 49 6
6 50 9
6 51 9
6 52 3
6 53 7
6 54 5
6 55 3
6 56 9
6 57 6
6 58 3
6 59 9
6 60 8
6 61 7
6 62 10
6 63 9
6 64 6
6 65 10
6 66 8
6 67 6
6 68 4
6 69 4
6 70 4
6 71 6
6 72 5
6 73 6
6 74 5
6 75 8
6 76 9
6 77 10
6 78 6
6 79 9
6 80 2
6 81 8
6 82 3
6 83 7
6 84 8
6 85 7
6 86 7
6 87 8
6 88 8
6 89 9
6 90 8
6 91 8
6 92 4
6 93 9
6 94 10
6 95 6
6 96 8
6 97 3
6 98 7
6 99 8
7 8 5
7 9 3
7 10 4
7 11 8
7 12 8
7 13 7
7 14 9
7 15 4
7 16 3
7 17 7
7 18 6
7 19 6
7 20 4
7 21 3
7 22 9
7 23 7
7 24 7
7 25 6
7 26 5
7 27 6
7 28 3
7 29 5
7 30 6
7 31 3
7 32 6
7 33 4
7 34 6
7 35 2
7 36 7
7 37 5
7 38 3
7 39 5
7 40 7
7 41 4
7 42 7
7 43 8
7 44 8
7 45 2
7 46 4
7 47 7
7 48 5
7 49 6
7 50 6
7 51 4
7 52 10
7 53 8
7 54 9
7 55 4
7 56 10
7 57 9
7 58 5
7 59 9
7 60 2
7 61 5
7 62 3
7 63 5
7 64 4
7 65 9
7 66 4
7 67 5
7 68 3
7 69 8
7 70 4
7 71 6
7 72 8
7 73 7
7 74 4
7 75 9
7 76 3
7 77 9
7 78 4
7 79 2
7 80 8
7 81 4
7 82 3
7 83 3
7 84 3
7 85 3
7 86 8
7 87 7
7 88 4
7 89 3
7 90 8
7 91 4
7 92 3
7 93 4
7 94 5
7 95 6
7 96 8
7 97 8
7 98 7
7 99 3
8 9 8
8 10 6
8 11 8
8 12 6
8 13 5
8 14 6
8 15 4
8 16 8
8 17 8
8 18 6
8 19 6
8 20 6
8 21 7
8 22 4
8 23 3
8 24 4
8 25 3
8 26 5
8 27 6
8 28 6
8 29 7
8 30 6
8 31 6
8 32 6
8 33 4
8 34 2
8 35 6
8 36 2
8 37 2
8 38 3
8 39 7
8 40 3
8 41 3
8 42 4
8 43 9
8 44 3
8 45 3
8 46 5
8 47 10
8 48 3
8 49 5
8 50 10
8 51 6
8 52 5
8 53 10
8 54 7
8 55 5
8 56 9
8 57 8
8 58 8
8 59 6
8 60 7
8 61 4
8 62 8
8 63 5
8 64 3
8 65 3
8 66 7
8 67 8
8 68 9
8 69 8
8 70 6
8 71 4
8 72 2
8 73 7
8 74 5
8 75 9
8 76 10
8 77 6
8 78 5
8 79 8
8 80 6
8 81 9
8 82 4
8 83 9
8 84 3
8 85 9
8 86 3
8 87 8
8 88 8
8 89 9
8 90 8
8 91 7
8 92 9
8 93 4
8 94 6
8 95 7
8 96 9
8 97 8
8 98 5
8 99 10
9 10 6
9 11 3
9 12 8
9 13 4
9 14 9
9 15 9
9 16 8
9 17 9
9 18 4
9 19 5
9 20 10
9 21 3
9 22 5
9 23 6
9 24 4
9 25 5
9 26 8
9 27 7
9 28 5
9 29 9
9 30 5
9 31 3
9 32 3
9 33 6
9 34 6
9 35 9
9 36 7
9 37 5
9 38 5
9 39 8
9 40 8
9 41 8
9 42 4
9 43 10
9 44 3
9 45 6
9 46 7
9 47 8
9 48 4
9 49 5
9 50 7
9 51 6
9 52 9
9 53 5
9 54 8
9 55 8
9 56 5
9 57 6
9 58 5
9 59 7
9 60 4
9 61 7
9 62 7
9 63 5
9 64 8
9 65 6
9 66 4
9 67 4
9 68 5
9 69 10
9 70 8
9 71 9
9 72 5
9 73 5
9 74 7
9 75 4
9 76 5
9 77 7
9 78 5
9 79 9
9 80 6
9 81 8
9 82 4
9 83 10
9 84 6
9 85 3
9 86 10
9 87 6
9 88 4
9 89 3
9 90 2
9 91 2
9 92 5
9 93 11
9 94 6
9 95 5
9 96 4
9 97 8
9 98 3
9 99 5
10 11 8
10 12 6
10 13 6
10 14 6
10 15 8
10 16 2
10 17 3
10 18 6
10 19 3
10 20 8
10 21 9
10 22 5
10 23 6
10 24 9
10 25 8
10 26 6
10 27 5
10 28 7
10 29 3
10 30 7
10 31 9
10 32 7
10 33 4
10 34 4
10 35 3
10 36 7
10 37 6
10 38 3
10 39 2
10 40 8
10 41 9
10 42 5
10 43 6
10 44 5
10 45 9
10 46 9
10 47 9
10 48 7
10 49 5
10 50 4
10 51 7
10 52 7
10 53 5
10 54 5
10 55 10
10 56 7
10 57 2
10 58 6
10 59 4
10 60 6
10 61 2
10 62 4
10 63 3
10 64 9
10 65 3
10 66 8
10 67 7
10 68 10
10 69 7
10 70 5
10 71 7
10 72 4
10 73 5
10 74 6
10 75 7
10 76 3
10 77 6
10 78 6
10 79 5
10 80 6
10 81 8
10 82 4
10 83 3
10 84 8
10 85 7
10 86 6
10 87 5
10 88 6
10 89 4
10 90 5
10 91 4
10 92 4
10 93 4
10 94 8
10 95 5
10 96 6
10 97 5
10 98 7
10 99 7
11 12 7
11 13 3
11 14 4
11 15 2
11 16 3
11 17 7
11 18 9
11 19 3
11 20 4
11 21 8
11 22 4
11 23 4
11 24 6
11 25 5
11 26 5
11 27 7
11 28 5
11 29 3
11 30 7
11 31 7
11 32 8
11 33 10
11 34 6
11 35 7
11 36 8
11 37 8
11 38 8
11 39 7
11 40 7
11 41 5
11 42 4
11 43 5
11 44 4
11 45 4
11 46 5
11 47 3
11 48 9
11 49 3
11 50 2
11 51 2
11 52 10
11 53 6
11 54 6
11 55 9
11 56 5
11 57 3
11 58 5
11 59 4
11 60 6
11 61 6
11 62 5
11 63 7
11 64 7
11 65 7
11 66 8
11 67 8
11 68 8
11 69 4
11 70 3
11 71 5
11 72 8
11 73 3
11 74 6
11 75 8
11 76 6
11 77 8
11 78 8
11 79 4
11 80 5
11 81 5
11 82 4
11 83 10
11 84 9
11 85 7
11 86 7
11 87 4
11 88 7
11 89 4
11 90 5
11 91 3
11 92 9
11 93 11
11 94 8
11 95 10
11 96 7
11 97 7
11 98 5
11 99 6
12 13 8
12 14 6
12 15 8
12 16 6
12 17 7
12 18 4
12 19 2
12 20 7
12 21 11
12 22 7
12 23 9
12 24 3
12 25 2
12 26 3
12 27 7
12 28 6
12 29 8
12 30 7
12 31 8
12 32 6
12 33 10
12 34 4
12 35 10
12 36 7
12 37 4
12 38 6
12 39 4
12 40 7
12 41 6
12 42 9
12 43 8
12 44 8
12 45 9
12 46 5
12 47 8
12 48 4
12 49 9
12 50 5
12 51 4
12 52 8
12 53 2
12 54 9
12 55 9
12 56 3
12 57 9
12 58 4
12 59 5
12 60 4
12 61 6
12 62 6
12 63 3
12 64 10
12 65 4
12 66 4
12 67 10
12 68 5
12 69 4
12 70 4
12 71 4
12 72 9
12 73 6
12 74 2
12 75 9
12 76 5
12 77 9
12 78 9
12 79 5
12 80 3
12 81 6
12 82 5
12 83 3
12 84 4
12 85 4
12 86 9
12 87 5
12 88 9
12 89 7
12 90 4
12 91 4
12 92 5
12 93 8
12 94 9
12 95 5
12 96 8
12 97 4
12 98 6
12 99 3
13 14 4
13 15 7
13 16 6
13 17 5
13 18 9
13 19 5
13 20 9
13 21 5
13 22 7
13 23 7
13 24 7
13 25 5
13 26 4
13 27 9
13 28 5
13 29 8
13 30 8
13 31 5
13 32 5
13 33 7
13 34 5
13 35 3
13 36 10
13 37 8
13 38 5
13 39 2
13 40 7
13 41 6
13 42 2
13 43 10
13 44 8
13 45 5
13 46 8
13 47 8
13 48 6
13 49 6
13 50 5
13 51 6
13 52 3
13 53 4
13 54 10
13 55 10
13 56 9
13 57 4
13 58 8
13 59 2
13 60 9
13 61 4
13 62 2
13 63 6
13 64 5
13 65 4
13 66 7
13 67 5
13 68 3
13 69 4
13 70 8
13 71 4
13 72 7
13 73 4
13 74 8
13 75 5
13 76 11
13 77 8
13 78 8
13 79 3
13 80 6
13 81 2
13 82 7
13 83 8
13 84 5
13 85 4
13 86 8
13 87 3
13 88 6
13 89 4
13 90 4
13 91 4
13 92 5
13 93 8
13 94 11
13 95 4
13 96 6
13 97 6
13 98 4
13 99 4
14 15 8
14 16 8
14 17 8
14 18 9
14 19 6
14 20 8
14 21 6
14 22 8
14 23 9
14 24 4
14 25 8
14 26 5
14 27 6
14 28 8
14 29 7
14 30 8
14 31 9
14 32 3
14 33 7
14 34 5
14 35 8
14 36 3
14 37 9
14 38 9
14 39 5
14 40 5
14 41 8
14 42 5
14 43 9
14 44 9
14 45 3
14 46 5
14 47 6
14 48 3
14 49 3
14 50 6
14 51 4
14 52 7
14 53 8
14 54 5
14 55 7
14 56 4
14 57 4
14 58 8
14 59 7
14 60 9
14 61 7
14 62 2
14 63 3
14 64 10
14 65 4
14 66 3
14 67 10
14 68 7
14 69 8
14 70 8
14 71 7
14 72 8
14 73 8
14 74 6
14 75 8
14 76 4
14 77 2
14 78 6
14 79 6
14 80 8
14 81 2
14 82 6
14 83 5
14 84 9
14 85 7
14 86 4
14 87 11
14 88 7
14 89 8
14 90 6
14 91 5
14 92 9
14 93 7
14 94 3
14 95 9
14 96 3
14 97 8
14 98 5
14 99 3
15 16 2
15 17 5
15 18 5
15 19 9
15 20 9
15 21 5
15 22 6
15 23 6
15 24 5
15 25 8
15 26 5
15 27 8
15 28 7
15 29 9
15 30 3
15 31 4
15 32 7
15 33 10
15 34 7
15 35 9
15 36 9
15 37 2
15 38 9
15 39 9
15 40 8
15 41 9
15 42 3
15 43 8
15 44 4
15 45 3
15 46 8
15 47 8
15 48 2
15 49 3
15 50 5
15 51 4
15 52 8
15 53 6
15 54 6
15 55 7
15 56 8
15 57 8
15 58 5
15 59 9
15 60 4
15 61 5
15 62 8
15 63 5
15 64 5
15 65 9
15 66 6
15 67 5
15 68 4
15 69 6
15 70 8
15 71 5
15 72 9
15 73 4
15 74 6
15 75 8
15 76 4
15 77 3
15 78 5
15 79 9
15 80 7
15 81 5
15 82 10
15 83 7
15 84 7
15 85 10
15 86 11
15 87 5
15 88 6
15 89 3
15 90 8
15 91 7
15 92 9
15 93 5
15 94 5
15 95 7
15 96 9
15 97 10
15 98 5
15 99 7
16 17 9
16 18 2
16 19 7
16 20 5
16 21 7
16 22 10
16 23 8
16 24 3
16 25 3
16 26 6
16 27 6
16 28 6
16 29 6
16 30 5
16 31 10
16 32 4
16 33 9
16 34 4
16 35 5
16 36 4
16 37 10
16 38 8
16 39 6
16 40 9
16 41 4
16 42 10
16 43 8
16 44 6
16 45 2
16 46 5
16 47 6
16 48 8
16 49 4
16 50 10
16 51 4
16 52 5
16 53 10
16 54 9
16 55 9
16 56 3
16 57 3
16 58 9
16 59 9
16 60 9
16 61 4
16 62 9
16 63 5
16 64 5
16 65 9
16 66 3
16 67 7
16 68 3
16 69 3
16 70 8
16 71 9
16 72 5
16 73 7
16 74 5
16 75 4
16 76 5
16 77 5
16 78 8
16 79 3
16 80 7
16 81 9
16 82 8
16 83 8
16 84 6
16 85 10
16 86 4
16 87 6
16 88 8
16 89 8
16 90 6
16 91 9
16 92 2
16 93 5
16 94 3
16 95 4
16 96 6
16 97 8
16 98 5
16 99 9
17 18 4
17 19 5
17 20 9
17 21 5
17 22 8
17 23 4
17 24 8
17 25 9
17 26 9
17 27 6
17 28 9
17 29 2
17 30 7
17 31 8
17 32 10
17 33 7
17 34 6
17 35 7
17 36 9
17 37 4
17 38 7
17 39 3
17 40 10
17 41 3
17 42 5
17 43 8
17 44 8
17 45 6
17 46 7
17 47 6
17 48 4
17 49 5
17 50 8
17 51 6
17 52 9
17 53 9
17 54 8
17 55 8
17 56 8
17 57 11
17 58 4
17 59 7
17 60 3
17 61 9
17 62 6
17 63 4
17 64 9
17 65 5
17 66 7
17 67 7
17 68 4
17 69 6
17 70 4
17 71 4
17 72 4
17 73 6
17 74 7
17 75 5
17 76 5
17 77 7
17 78 9
17 79 9
17 80 6
17 81 5
17 82 4
17 83 4
17 84 7
17 85 4
17 86 4
17 87 4
17 88 5
17 89 4
17 90 9
17 91 10
17 92 10
17 93 5
17 94 5
17 95 9
17 96 3
17 97 6
17 98 4
17 99 3
18 19 9
18 20 9
18 21 4
18 22 8
18 23 4
18 24 4
18 25 8
18 26 2
18 27 4
18 28 5
18 29 2
18 30 9
18 31 4
18 32 2
18 33 8
18 34 7
18 35 7
18 36 2
18 37 8
18 38 3
18 39 3
18 40 4
18 41 4
18 42 8
18 43 5
18 44 4
18 45 4
18 46 4
18 47 10
18 48 4
18 49 5
18 50 6
18 51 6
18 52 8
18 53 5
18 54 10
18 55 8
18 56 9
18 57 4
18 58 4
18 59 11
18 60 6
18 61 8
18 62 8
18 63 5
18 64 9
18 65 3
18 66 5
18 67 5
18 68 6
18 69 7
18 70 9
18 71 5
18 72 3
18 73 9
18 74 9
18 75 5
18 76 7
18 77 8
18 78 5
18 79 10
18 80 4
18 81 4
18 82 9
18 83 6
18 84 7
18 85 4
18 86 4
18 87 5
18 88 3
18 89 5
18 90 9
18 91 7
18 92 7
18 93 8
18 94 7
18 95 6
18 96 3
18 97 8
18 98 4
18 99 9
19 20 5
19 21 4
19 22 8
19 23 3
19 24 4
19 25 3
19 26 10
19 27 8
19 28 10
19 29 3
19 30 4
19 31 4
19 32 8
19 33 6
19 34 4
19 35 2
19 36 2
19 37 6
19 38 7
19 39 9
19 40 8
19 41 5
19 42 8
19 43 7
19 44 6
19 45 4
19 46 7
19 47 8
19 48 7
19 49 3
19 50 6
19 51 9
19 52 8
19 53 7
19 54 6
19 55 4
19 56 6
19 57 8
19 58 5
19 59 6
19 60 8
19 61 8
19 62 8
19 63 9
19 64 5
19 65 2
19 66 9
19 67 7
19 68 9
19 69 2
19 70 8
19 71 4
19 72 6
19 73 6
19 74 6
19 75 10
19 76 9
19 77 10
19 78 9
19 79 4
19 80 11
19 81 3
19 82 5
19 83 11
19 84 7
19 85 7
19 86 3
19 87 8
19 88 6
19 89 7
19 90 6
19 91 9
19 92 7
19 93 5
19 94 9
19 95 3
19 96 6
19 97 7
19 98 5
19 99 10
20 21 5
20 22 5
20 23 9
20 24 9
20 25 3
20 26 7
20 27 7
20 28 8
20 29 6
20 30 4
20 31 3
20 32 8
20 33 5
20 34 2
20 35 9
20 36 8
20 37 9
20 38 3
20 39 6
20 40 7
20 41 3
20 42 3
20 43 7
20 44 5
20 45 10
20 46 8
20 47 7
20 48 4
20 49 6
20 50 3
20 51 9
20 52 7
20 53 5
20 54 2
20 55 6
20 56 9
20 57 7
20 58 8
20 59 9
20 60 8
20 61 5
20 62 4
20 63 3
20 64 4
20 65 5
20 66 6
20 67 9
20 68 5
20 69 8
20 70 4
20 71 3
20 72 5
20 73 4
20 74 9
20 75 9
20 76 6
20 77 6
20 78 4
20 79 10
20 80 6
20 81 7
20 82 4
20 83 9
20 84 8
20 85 6
20 86 4
20 87 5
20 88 4
20 89 9
20 90 7
20 91 4
20 92 11
20 93 8
20 94 8
20 95 6
20 96 9
20 97 8
20 98 8
20 99 8
21 22 4
21 23 9
21 24 3
21 25 8
21 26 8
21 27 3
21 28 10
21 29 6
21 30 2
21 31 5
21 32 2
21 33 7
21 34 10
21 35 7
21 36 5
21 37 5
21 38 8
21 39 9
21 40 9
21 41 4
21 42 4
21 43 8
21 44 4
21 45 11
21 46 9
21 47 9
21 48 3
21 49 2
21 50 5
21 51 10
21 52 6
21 53 3
21 54 8
21 55 5
21 56 8
21 57 3
21 58 8
21 59 10
21 60 9
21 61 8
21 62 7
21 63 5
21 64 6
21 65 8
21 66 7
21 67 3
21 68 6
21 69 9
21 70 8
21 71 5
21 72 5
21 73 6
21 74 9
21 75 5
21 76 3
21 77 9
21 78 5
21 79 4
21 80 5
21 81 2
21 82 9
21 83 11
21 84 3
21 85 8
21 86 5
21 87 4
21 88 8
21 89 4
21 90 8
21 91 5
21 92 7
21 93 3
21 94 8
21 95 11
21 96 7
21 97 9
21 98 10
21 99 7
22 23 6
22 24 9
22 25 8
22 26 5
22 27 7
22 28 10
22 29 2
22 30 4
22 31 7
22 32 6
22 33 8
22 34 8
22 35 4
22 36 6
22 37 4
22 38 5
22 39 7
22 40 4
22 41 7
22 42 5
22 43 7
22 44 8
22 45 6
22 46 6
22 47 5
22 48 5
22 49 9
22 50 4
22 51 6
22 52 6
22 53 6
22 54 7
22 55 6
22 56 3
22 57 6
22 58 10
22 59 4
22 60 7
22 61 10
22 62 7
22 63 5
22 64 6
22 65 3
22 66 6
22 67 5
22 68 6
22 69 6
22 70 2
22 71 9
22 72 3
22 73 5
22 74 7
22 75 9
22 76 8
22 77 9
22 78 6
22 79 8
22 80 6
22 81 5
22 82 10
22 83 6
22 84 9
22 85 4
22 86 5
22 87 7
22 88 10
22 89 2
22 90 4
22 91 7
22 92 4
22 93 4
22 94 7
22 95 6
22 96 6
22 97 7
22 98 10
22 99 7
23 24 5
23 25 7
23 26 9
23 27 6
23 28 8
23 29 6
23 30 8
23 31 2
23 32 3
23 33 3
23 34 7
23 35 9
23 36 6
23 37 6
23 38 6
23 39 8
23 40 4
23 41 8
23 42 9
23 43 10
23 44 10
23 45 4
23 46 8
23 47 4
23 48 6
23 49 8
23 50 5
23 51 5
23 52 7
23 53 8
23 54 6
23 55 6
23 56 7
23 57 5
23 58 3
23 59 10
23 60 9
23 61 5
23 62 4
23 63 8
23 64 4
23 65 4
23 66 9
23 67 7
23 68 9
23 69 7
23 70 4
23 71 7
23 72 3
23 73 8
23 74 5
23 75 5
23 76 8
23 77 7
23 78 9
23 79 6
23 80 6
23 81 8
23 82 6
23 83 6
23 84 5
23 85 3
23 86 9
23 87 9
23 88 5
23 89 4
23 90 3
23 91 3
23 92 7
23 93 5
23 94 9
23 95 5
23 96 4
23 97 6
23 98 6
23 99 8
24 25 8
24 26 6
24 27 10
24 28 6
24 29 5
24 30 7
24 31 8
24 32 9
24 33 7
24 34 6
24 35 9
24 36 8
24 37 4
24 38 6
24 39 2
24 40 2
24 41 6
24 42 4
24 43 6
24 44 7
24 45 4
24 46 5
24 47 2
24 48 7
24 49 4
24 50 8
24 51 3
24 52 4
24 53 3
24 54 8
24 55 3
24 56 7
24 57 7
24 58 4
24 59 2
24 60 8
24 61 7
24 62 8
24 63 4
24 64 6
24 65 9
24 66 6
24 67 7
24 68 10
24 69 5
24 70 4
24 71 9
24 72 8
24 73 4
24 74 10
24 75 6
24 76 4
24 77 9
24 78 6
24 79 3
24 80 8
24 81 7
24 82 9
24 83 7
24 84 8
24 85 9
24 86 9
24 87 6
24 88 4
24 89 9
24 90 7
24 91 7
24 92 5
24 93 8
24 94 5
24 95 4
24 96 7
24 97 6
24 98 9
24 99 8
25 26 6
25 27 4
25 28 4
25 29 5
25 30 9
25 31 6
25 32 10
25 33 2
25 34 5
25 35 6
25 36 9
25 37 8
25 38 7
25 39 5
25 40 3
25 41 7
25 42 4
25 43 8
25 44 8
25 45 3
25 46 8
25 47 5
25 48 7
25 49 5
25 50 9
25 51 9
25 52 8
25 53 5
25 54 6
25 55 6
25 56 7
25 57 3
25 58 8
25 59 7
25 60 2
25 61 3
25 62 10
25 63 7
25 64 9
25 65 3
25 66 9
25 67 6
25 68 4
25 69 10
25 70 4
25 71 4
25 72 7
25 73 4
25 74 8
25 75 7
25 76 4
25 77 4
25 78 4
25 79 9
25 80 7
25 81 2
25 82 8
25 83 5
25 84 7
25 85 7
25 86 5
25 87 7
25 88 9
25 89 6
25 90 4
25 91 7
25 92 6
25 93 11
25 94 4
25 95 7
25 96 5
25 97 6
25 98 9
25 99 8
26 27 5
26 28 9
26 29 8
26 30 4
26 31 10
26 32 5
26 33 4
26 34 10
26 35 7
26 36 4
26 37 3
26 38 7
26 39 6
26 40 4
26 41 2
26 42 4
26 43 3
26 44 11
26 45 6
26 46 4
26 47 9
26 48 5
26 49 4
26 50 5
26 51 5
26 52 7
26 53 9
26 54 10
26 55 6
26 56 6
26 57 7
26 58 9
26 59 5
26 60 9
26 61 6
26 62 6
26 63 3
26 64 7
26 65 3
26 66 3
26 67 5
26 68 7
26 69 7
26 70 3
26 71 6
26 72 6
26 73 8
26 74 2
26 75 5
26 76 10
26 77 10
26 78 4
26 79 9
26 80 3
26 81 9
26 82 4
26 83 8
26 84 8
26 85 7
26 86 7
26 87 8
26 88 4
26 89 10
26 90 11
26 91 5
26 92 5
26 93 7
26 94 7
26 95 4
26 96 5
26 97 4
26 98 6
26 99 7
27 28 8
27 29 8
27 30 7
27 31 9
27 32 5
27 33 4
27 34 6
27 35 4
27 36 6
27 37 6
27 38 10
27 39 7
27 40 5
27 41 5
27 42 4
27 43 8
27 44 8
27 45 7
27 46 3
27 47 9
27 48 10
27 49 4
27 50 9
27 51 9
27 52 9
27 53 3
27 54 10
27 55 4
27 56 11
27 57 6
27 58 6
27 59 7
27 60 8
27 61 9
27 62 5
27 63 4
27 64 9
27 65 8
27 66 10
27 67 9
27 68 7
27 69 7
27 70 10
27 71 7
27 72 8
27 73 4
27 74 7
27 75 5
27 76 7
27 77 7
27 78 4
27 79 5
27 80 9
27 81 7
27 82 8
27 83 6
27 84 8
27 85 3
27 86 3
27 87 7
27 88 4
27 89 9
27 90 5
27 91 3
27 92 4
27 93 7
27 94 9
27 95 3
27 96 4
27 97 5
27 98 2
27 99 10
28 29 9
28 30 7
28 31 5
28 32 4
28 33 2
28 34 9
28 35 8
28 36 6
28 37 4
28 38 5
28 39 3
28 40 9
28 41 4
28 42 9
28 43 5
28 44 5
28 45 9
28 46 6
28 47 8
28 48 9
28 49 6
28 50 3
28 51 11
28 52 4
28 53 7
28 54 10
28 55 6
28 56 10
28 57 5
28 58 9
28 59 6
28 60 6
28 61 4
28 62 8
28 63 9
28 64 2
28 65 8
28 66 6
28 67 8
28 68 8
28 69 8
28 70 5
28 71 8
28 72 5
28 73 2
28 74 8
28 75 6
28 76 7
28 77 7
28 78 3
28 79 8
28 80 3
28 81 3
28 82 6
28 83 8
28 84 4
28 85 4
28 86 4
28 87 9
28 88 4
28 89 10
28 90 6
28 91 8
28 92 6
28 93 4
28 94 10
28 95 3
28 96 10
28 97 9
28 98 8
28 99 5
29 30 2
29 31 5
29 32 9
29 33 3
29 34 9
29 35 4
29 36 7
29 37 9
29 38 9
29 39 7
29 40 8
29 41 7
29 42 7
29 43 5
29 44 6
29 45 8
29 46 7
29 47 7
29 48 4
29 49 7
29 50 6
29 51 9
29 52 7
29 53 5
29 54 3
29 55 6
29 56 6
29 57 5
29 58 3
29 59 7
29 60 6
29 61 5
29 62 6
29 63 8
29 64 10
29 65 3
29 66 9
29 67 6
29 68 8
29 69 6
29 70 6
29 71 8
29 72 7
29 73 7
29 74 8
29 75 7
29 76 7
29 77 8
29 78 5
29 79 3
29 80 7
29 81 8
29 82 3
29 83 8
29 84 6
29 85 6
29 86 9
29 87 6
29 88 7
29 89 9
29 90 3
29 91 6
29 92 4
29 93 8
29 94 5
29 95 2
29 96 8
29 97 9
29 98 5
29 99 9
30 31 8
30 32 8
30 33 8
30 34 10
30 35 5
30 36 8
30 37 6
30 38 7
30 39 9
30 40 6
30 41 2
30 42 7
30 43 8
30 44 6
30 45 5
30 46 4
30 47 8
30 48 5
30 49 6
30 50 3
30 51 4
30 52 6
30 53 5
30 54 6
30 55 6
30 56 9
30 57 10
30 58 9
30 59 9
30 60 2
30 61 6
30 62 5
30 63 10
30 64 4
30 65 4
30 66 4
30 67 11
30 68 3
30 69 5
30 70 5
30 71 5
30 72 10
30 73 5
30 74 4
30 75 2
30 76 3
30 77 6
30 78 4
30 79 8
30 80 8
30 81 7
30 82 5
30 83 4
30 84 7
30 85 7
30 86 8
30 87 6
30 88 6
30 89 7
30 90 7
30 91 4
30 92 5
30 93 5
30 94 7
30 95 9
30 96 7
30 97 3
30 98 8
30 99 6
31 32 3
31 33 7
31 34 3
31 35 3
31 36 8
31 37 9
31 38 5
31 39 7
31 40 8
31 41 4
31 42 9
31 43 6
31 44 5
31 45 8
31 46 5
31 47 8
31 48 3
31 49 6
31 50 8
31 51 9
31 52 4
31 53 4
31 54 7
31 55 7
31 56 4
31 57 6
31 58 7
31 59 8
31 60 10
31 61 9
31 62 4
31 63 8
31 64 6
31 65 7
31 66 9
31 67 2
31 68 5
31 69 4
31 70 5
31 71 9
31 72 8
31 73 10
31 74 5
31 75 4
31 76 3
31 77 4
31 78 3
31 79 7
31 80 7
31 81 6
31 82 5
31 83 8
31 84 9
31 85 5
31 86 4
31 87 3
31 88 3
31 89 8
31 90 8
31 91 4
31 92 5
31 93 4
31 94 4
31 95 8
31 96 6
31 97 6
31 98 5
31 99 4
32 33 5
32 34 3
32 35 3
32 36 3
32 37 7
32 38 5
32 39 7
32 40 5
32 41 3
32 42 6
32 43 6
32 44 11
32 45 2
32 46 5
32 47 5
32 48 2
32 49 10
32 50 3
32 51 6
32 52 3
32 53 3
32 54 3
32 55 8
32 56 10
32 57 7
32 58 7
32 59 6
32 60 5
32 61 6
32 62 5
32 63 5
32 64 7
32 65 7
32 66 6
32 67 5
32 68 8
32 69 8
32 70 7
32 71 9
32 72 2
32 73 5
32 74 6
32 75 10
32 76 4
32 77 7
32 78 7
32 79 4
32 80 4
32 81 8
32 82 8
32 83 7
32 84 7
32 85 3
32 86 4
32 87 5
32 88 7
32 89 4
32 90 3
32 91 6
32 92 9
32 93 9
32 94 9
32 95 8
32 96 4
32 97 6
32 98 5
32 99 6
33 34 7
33 35 9
33 36 5
33 37 6
33 38 9
33 39 4
33 40 11
33 41 8
33 42 8
33 43 3
33 44 3
33 45 10
33 46 3
33 47 4
33 48 6
33 49 8
33 50 8
33 51 8
33 52 8
33 53 4
33 54 8
33 55 11
33 56 7
33 57 9
33 58 9
33 59 7
33 60 8
33 61 5
33 62 4
33 63 6
33 64 9
33 65 5
33 66 9
33 67 10
33 68 8
33 69 10
33 70 7
33 71 7
33 72 11
33 73 8
33 74 3
33 75 5
33 76 6
33 77 7
33 78 7
33 79 7
33 80 6
33 81 8
33 82 8
33 83 2
33 84 8
33 85 4
33 86 4
33 87 5
33 88 9
33 89 9
33 90 6
33 91 5
33 92 5
33 93 4
33 94 11
33 95 9
33 96 4
33 97 10
33 98 7
33 99 2
34 35 3
34 36 9
34 37 3
34 38 7
34 39 5
34 40 7
34 41 3
34 42 4
34 43 3
34 44 9
34 45 9
34 46 5
34 47 8
34 48 4
34 49 9
34 50 5
34 51 7
34 52 4
34 53 5
34 54 10
34 55 5
34 56 5
34 57 11
34 58 4
34 59 8
34 60 9
34 61 5
34 62 5
34 63 6
34 64 4
34 65 3
34 66 7
34 67 4
34 68 8
34 69 5
34 70 10
34 71 5
34 72 7
34 73 5
34 74 4
34 75 7
34 76 7
34 77 6
34 78 4
34 79 9
34 80 7
34 81 6
34 82 7
34 83 9
34 84 6
34 85 3
34 86 9
34 87 6
34 88 8
34 89 8
34 90 8
34 91 5
34 92 8
34 93 6
34 94 6
34 95 9
34 96 5
34 97 9
34 98 4
34 99 6
35 36 3
35 37 4
35 38 8
35 39 9
35 40 6
35 41 9
35 42 7
35 43 6
35 44 6
35 45 9
35 46 10
35 47 6
35 48 8
35 49 7
35 50 6
35 51 8
35 52 4
35 53 7
35 54 9
35 55 3
35 56 7
35 57 2
35 58 4
35 59 7
35 60 5
35 61 4
35 62 3
35 63 5
35 64 9
35 65 8
35 66 3
35 67 9
35 68 9
35 69 7
35 70 9
35 71 6
35 72 5
35 73 9
35 74 5
35 75 4
35 76 5
35 77 7
35 78 9
35 79 8
35 80 4
35 81 5
35 82 11
35 83 4
35 84 8
35 85 4
35 86 7
35 87 5
35 88 4
35 89 9
35 90 3
35 91 5
35 92 7
35 93 11
35 94 7
35 95 7
35 96 5
35 97 10
35 98 6
35 99 7
36 37 8
36 38 4
36 39 7
36 40 9
36 41 7
36 42 8
36 43 5
36 44 10
36 45 6
36 46 7
36 47 6
36 48 7
36 49 6
36 50 8
36 51 9
36 52 8
36 53 8
36 54 6
36 55 5
36 56 9
36 57 7
36 58 7
36 59 4
36 60 6
36 61 7
36 62 6
36 63 6
36 64 7
36 65 3
36 66 6
36 67 6
36 68 9
36 69 5
36 70 4
36 71 6
36 72 2
36 73 6
36 74 6
36 75 3
36 76 4
36 77 3
36 78 4
36 79 8
36 80 9
36 81 8
36 82 6
36 83 4
36 84 9
36 85 6
36 86 5
36 87 3
36 88 8
36 89 8
36 90 4
36 91 7
36 92 6
36 93 6
36 94 3
36 95 8
36 96 2
36 97 6
36 98 5
36 99 6
37 38 4
37 39 4
37 40 2
37 41 8
37 42 4
37 43 5
37 44 5
37 45 4
37 46 8
37 47 3
37 48 4
37 49 4
37 50 9
37 51 10
37 52 6
37 53 4
37 54 6
37 55 5
37 56 6
37 57 9
37 58 3
37 59 8
37 60 4
37 61 6
37 62 9
37 63 9
37 64 10
37 65 2
37 66 10
37 67 6
37 68 5
37 69 8
37 70 6
37 71 3
37 72 7
37 73 6
37 74 4
37 75 3
37 76 5
37 77 8
37 78 9
37 79 3
37 80 5
37 81 6
37 82 3
37 83 9
37 84 3
37 85 8
37 86 4
37 87 8
37 88 5
37 89 3
37 90 9
37 91 4
37 92 5
37 93 4
37 94 5
37 95 4
37 96 5
37 97 3
37 98 8
37 99 4
38 39 5
38 40 5
38 41 7
38 42 3
38 43 6
38 44 7
38 45 7
38 46 4
38 47 7
38 48 8
38 49 9
38 50 3
38 51 3
38 52 5
38 53 6
38 54 3
38 55 3
38 56 4
38 57 6
38 58 7
38 59 7
38 60 6
38 61 9
38 62 9
38 63 5
38 64 7
38 65 6
38 66 7
38 67 3
38 68 6
38 69 4
38 70 4
38 71 8
38 72 9
38 73 6
38 74 3
38 75 5
38 76 3
38 77 7
38 78 5
38 79 7
38 80 9
38 81 6
38 82 4
38 83 8
38 84 6
38 85 5
38 86 4
38 87 7
38 88 4
38 89 4
38 90 7
38 91 5
38 92 10
38 93 3
38 94 9
38 95 4
38 96 2
38 97 10
38 98 7
38 99 7
39 40 5
39 41 8
39 42 3
39 43 3
39 44 9
39 45 10
39 46 6
39 47 9
39 48 10
39 49 10
39 50 10
39 51 9
39 52 4
39 53 4
39 54 6
39 55 6
39 56 6
39 57 9
39 58 3
39 59 4
39 60 4
39 61 7
39 62 6
39 63 8
39 64 8
39 65 8
39 66 4
39 67 6
39 68 9
39 69 3
39 70 6
39 71 10
39 72 6
39 73 9
39 74 6
39 75 4
39 76 4
39 77 5
39 78 3
39 79 4
39 80 7
39 81 4
39 82 4
39 83 6
39 84 7
39 85 4
39 86 9
39 87 9
39 88 10
39 89 6
39 90 9
39 91 6
39 92 9
39 93 5
39 94 9
39 95 3
39 96 7
39 97 6
39 98 6
39 99 4
40 41 3
40 42 5
40 43 2
40 44 4
40 45 8
40 46 3
40 47 4
40 48 3
40 49 9
40 50 3
40 51 5
40 52 2
40 53 9
40 54 5
40 55 9
40 56 2
40 57 5
40 58 6
40 59 8
40 60 7
40 61 6
40 62 4
40 63 7
40 64 9
40 65 3
40 66 8
40 67 6
40 68 8
40 69 5
40 70 8
40 71 8
40 72 8
40 73 8
40 74 8
40 75 7
40 76 10
40 77 7
40 78 2
40 79 3
40 80 7
40 81 6
40 82 7
40 83 6
40 84 6
40 85 6
40 86 7
40 87 4
40 88 3
40 89 8
40 90 8
40 91 6
40 92 9
40 93 7
40 94 3
40 95 10
40 96 8
40 97 3
40 98 10
40 99 8
41 42 10
41 43 4
41 44 5
41 45 3
41 46 4
41 47 9
41 48 7
41 49 7
41 50 5
41 51 5
41 52 9
41 53 10
41 54 8
41 55 5
41 56 8
41 57 6
41 58 4
41 59 8
41 60 5
41 61 5
41 62 5
41 63 8
41 64 6
41 65 7
41 66 2
41 67 7
41 68 5
41 69 10
41 70 7
41 71 5
41 72 8
41 73 4
41 74 5
41 75 4
41 76 4
41 77 6
41 78 10
41 79 9
41 80 9
41 81 4
41 82 7
41 83 2
41 84 6
41 85 6
41 86 7
41 87 8
41 88 6
41 89 8
41 90 5
41 91 5
41 92 3
41 93 5
41 94 5
41 95 7
41 96 4
41 97 6
41 98 5
41 99 7
42 43 8
42 44 5
42 45 8
42 46 9
42 47 7
42 48 4
42 49 7
42 50 9
42 51 4
42 52 11
42 53 3
42 54 6
42 55 7
42 56 9
42 57 7
42 58 5
42 59 8
42 60 4
42 61 8
42 62 2
42 63 8
42 64 2
42 65 7
42 66 7
42 67 9
42 68 4
42 69 4
42 70 8
42 71 7
42 72 5
42 73 10
42 74 5
42 75 9
42 76 9
42 77 9
42 78 7
42 79 8
42 80 9
42 81 5
42 82 10
42 83 5
42 84 5
42 85 10
42 86 8
42 87 2
42 88 6
42 89 3
42 90 8
42 91 7
42 92 7
42 93 7
42 94 5
42 95 4
42 96 8
42 97 9
42 98 8
42 99 8
43 44 9
43 45 7
43 46 8
43 47 8
43 48 2
43 49 6
43 50 5
43 51 5
43 52 4
43 53 9
43 54 9
43 55 3
43 56 5
43 57 7
43 58 6
43 59 5
43 60 8
43 61 10
43 62 9
43 63 4
43 64 9
43 65 4
43 66 9
43 67 5
43 68 8
43 69 5
43 70 6
43 71 5
43 72 9
43 73 7
43 74 7
43 75 6
43 76 5
43 77 7
43 78 4
43 79 8
43 80 3
43 81 6
43 82 8
43 83 4
43 84 7
43 85 7
43 86 10
43 87 8
43 88 4
43 89 6
43 90 7
43 91 5
43 92 5
43 93 6
43 94 6
43 95 8
43 96 5
43 97 6
43 98 7
43 99 9
44 45 4
44 46 7
44 47 6
44 48 6
44 49 8
44 50 3
44 51 5
44 52 5
44 53 6
44 54 7
44 55 7
44 56 4
44 57 9
44 58 5
44 59 4
44 60 3
44 61 5
44 62 7
44 63 9
44 64 7
44 65 8
44 66 10
44 67 4
44 68 8
44 69 5
44 70 4
44 71 4
44 72 8
44 73 8
44 74 6
44 75 5
44 76 5
44 77 6
44 78 9
44 79 5
44 80 6
44 81 5
44 82 9
44 83 8
44 84 10
44 85 9
44 86 6
44 87 3
44 88 8
44 89 5
44 90 3
44 91 3
44 92 7
44 93 5
44 94 5
44 95 5
44 96 8
44 97 3
44 98 8
44 99 7
45 46 9
45 47 8
45 48 8
45 49 8
45 50 8
45 51 5
45 52 5
45 53 5
45 54 4
45 55 4
45 56 8
45 57 11
45 58 10
45 59 3
45 60 10
45 61 3
45 62 9
45 63 3
45 64 5
45 65 10
45 66 8
45 67 6
45 68 6
45 69 6
45 70 8
45 71 8
45 72 8
45 73 5
45 74 6
45 75 7
45 76 5
45 77 6
45 78 2
45 79 4
45 80 8
45 81 5
45 82 5
45 83 9
45 84 7
45 85 8
45 86 5
45 87 5
45 88 4
45 89 8
45 90 5
45 91 8
45 92 6
45 93 5
45 94 2
45 95 6
45 96 9
45 97 9
45 98 9
45 99 7
46 47 8
46 48 5
46 49 4
46 50 5
46 51 7
46 52 8
46 53 8
46 54 11
46 55 3
46 56 8
46 57 5
46 58 7
46 59 8
46 60 6
46 61 8
46 62 4
46 63 7
46 64 8
46 65 4
46 66 8
46 67 3
46 68 6
46 69 3
46 70 9
46 71 5
46 72 4
46 73 6
46 74 5
46 75 3
46 76 7
46 77 6
46 78 8
46 79 5
46 80 9
46 81 8
46 82 4
46 83 8
46 84 4
46 85 5
46 86 8
46 87 5
46 88 3
46 89 3
46 90 4
46 91 5
46 92 9
46 93 5
46 94 8
46 95 9
46 96 5
46 97 3
46 98 7
46 99 5
47 48 5
47 49 9
47 50 9
47 51 5
47 52 7
47 53 5
47 54 8
47 55 9
47 56 7
47 57 5
47 58 7
47 59 8
47 60 6
47 61 3
47 62 5
47 63 10
47 64 5
47 65 8
47 66 5
47 67 5
47 68 5
47 69 5
47 70 8
47 71 4
47 72 4
47 73 6
47 74 6
47 75 10
47 76 8
47 77 5
47 78 6
47 79 8
47 80 4
47 81 5
47 82 8
47 83 9
47 84 9
47 85 7
47 86 6
47 87 6
47 88 5
47 89 3
47 90 7
47 91 3
47 92 8
47 93 9
47 94 4
47 95 5
47 96 6
47 97 8
47 98 6
47 99 5
48 49 3
48 50 9
48 51 3
48 52 6
48 53 4
48 54 6
48 55 10
48 56 3
48 57 5
48 58 2
48 59 10
48 60 11
48 61 6
48 62 7
48 63 10
48 64 9
48 65 8
48 66 4
48 67 5
48 68 10
48 69 3
48 70 9
48 71 9
48 72 4
48 73 3
48 74 8
48 75 7
48 76 11
48 77 4
48 78 5
48 79 6
48 80 5
48 81 4
48 82 6
48 83 9
48 84 4
48 85 6
48 86 10
48 87 5
48 88 5
48 89 3
48 90 3
48 91 7
48 92 5
48 93 9
48 94 3
48 95 8
48 96 5
48 97 7
48 98 8
48 99 10
49 50 4
49 51 8
49 52 8
49 53 6
49 54 10
49 55 5
49 56 7
49 57 6
49 58 9
49 59 8
49 60 6
49 61 3
49 62 3
49 63 10
49 64 7
49 65 5
49 66 3
49 67 5
49 68 4
49 69 6
49 70 9
49 71 8
49 72 8
49 73 8
49 74 9
49 75 7
49 76 6
49 77 7
49 78 6
49 79 4
49 80 4
49 81 6
49 82 9
49 83 4
49 84 7
49 85 9
49 86 10
49 87 9
49 88 8
49 89 4
49 90 4
49 91 5
49 92 4
49 93 11
49 94 8
49 95 8
49 96 8
49 97 7
49 98 6
49 99 9
50 51 7
50 52 4
50 53 4
50 54 11
50 55 8
50 56 4
50 57 3
50 58 10
50 59 7
50 60 9
50 61 6
50 62 5
50 63 8
50 64 3
50 65 7
50 66 7
50 67 8
50 68 2
50 69 4
50 70 7
50 71 9
50 72 8
50 73 9
50 74 6
50 75 5
50 76 3
50 77 9
50 78 10
50 79 9
50 80 3
50 81 7
50 82 6
50 83 4
50 84 9
50 85 3
50 86 5
50 87 11
50 88 8
50 89 9
50 90 9
50 91 4
50 92 4
50 93 5
50 94 4
50 95 8
50 96 2
50 97 6
50 98 5
50 99 2
51 52 5
51 53 8
51 54 7
51 55 9
51 56 4
51 57 5
51 58 7
51 59 9
51 60 7
51 61 4
51 62 6
51 63 6
51 64 6
51 65 4
51 66 9
51 67 9
51 68 5
51 69 5
51 70 7
51 71 4
51 72 6
51 73 2
51 74 7
51 75 6
51 76 5
51 77 8
51 78 7
51 79 9
51 80 4
51 81 5
51 82 5
51 83 8
51 84 9
51 85 7
51 86 8
51 87 7
51 88 4
51 89 7
51 90 5
51 91 10
51 92 4
51 93 10
51 94 10
51 95 6
51 96 5
51 97 6
51 98 8
51 99 4
52 53 9
52 54 3
52 55 4
52 56 2
52 57 5
52 58 9
52 59 7
52 60 7
52 61 8
52 62 8
52 63 5
52 64 6
52 65 9
52 66 5
52 67 5
52 68 7
52 69 5
52 70 7
52 71 6
52 72 5
52 73 4
52 74 4
52 75 5
52 76 9
52 77 9
52 78 8
52 79 5
52 80 8
52 81 10
52 82 9
52 83 6
52 84 9
52 85 9
52 86 3
52 87 5
52 88 7
52 89 9
52 90 8
52 91 7
52 92 7
52 93 10
52 94 7
52 95 7
52 96 4
52 97 5
52 98 6
52 99 3
53 54 4
53 55 6
53 56 8
53 57 5
53 58 9
53 59 10
53 60 5
53 61 8
53 62 6
53 63 9
53 64 8
53 65 8
53 66 5
53 67 9
53 68 4
53 69 8
53 70 4
53 71 3
53 72 3
53 73 7
53 74 3
53 75 7
53 76 7
53 77 4
53 78 9
53 79 3
53 80 9
53 81 8
53 82 6
53 83 7
53 84 4
53 85 6
53 86 3
53 87 11
53 88 6
53 89 7
53 90 9
53 91 5
53 92 9
53 93 6
53 94 6
53 95 7
53 96 3
53 97 8
53 98 4
53 99 6
54 55 8
54 56 5
54 57 6
54 58 9
54 59 6
54 60 9
54 61 2
54 62 7
54 63 3
54 64 6
54 65 3
54 66 8
54 67 4
54 68 6
54 69 7
54 70 8
54 71 9
54 72 4
54 73 6
54 74 2
54 75 5
54 76 7
54 77 9
54 78 9
54 79 8
54 80 8
54 81 9
54 82 7
54 83 9
54 84 4
54 85 4
54 86 8
54 87 3
54 88 7
54 89 9
54 90 9
54 91 8
54 92 4
54 93 5
54 94 8
54 95 4
54 96 4
54 97 6
54 98 7
54 99 4
55 56 8
55 57 5
55 58 5
55 59 8
55 60 8
55 61 7
55 62 2
55 63 3
55 64 5
55 65 11
55 66 6
55 67 7
55 68 8
55 69 4
55 70 2
55 71 8
55 72 4
55 73 10
55 74 8
55 75 9
55 76 6
55 77 10
55 78 5
55 79 6
55 80 8
55 81 8
55 82 4
55 83 7
55 84 7
55 85 4
55 86 5
55 87 5
55 88 5
55 89 9
55 90 7
55 91 2
55 92 4
55 93 6
55 94 7
55 95 8
55 96 8
55 97 8
55 98 3
55 99 2
56 57 7
56 58 6
56 59 9
56 60 4
56 61 10
56 62 7
56 63 11
56 64 4
56 65 8
56 66 7
56 67 6
56 68 9
56 69 3
56 70 6
56 71 10
56 72 10
56 73 4
56 74 7
56 75 7
56 76 9
56 77 8
56 78 6
56 79 4
56 80 10
56 81 10
56 82 9
56 83 6
56 84 3
56 85 3
56 86 11
56 87 9
56 88 5
56 89 9
56 90 3
56 91 7
56 92 10
56 93 2
56 94 3
56 95 3
56 96 7
56 97 9
56 98 7
56 99 2
57 58 7
57 59 8
57 60 6
57 61 7
57 62 8
57 63 3
57 64 4
57 65 4
57 66 4
57 67 8
57 68 5
57 69 4
57 70 10
57 71 7
57 72 8
57 73 3
57 74 8
57 75 7
57 76 5
57 77 3
57 78 9
57 79 5
57 80 4
57 81 7
57 82 9
57 83 3
57 84 5
57 85 6
57 86 9
57 87 8
57 88 5
57 89 7
57 90 7
57 91 8
57 92 5
57 93 4
57 94 5
57 95 9
57 96 3
57 97 8
57 98 6
57 99 7
58 59 3
58 60 2
58 61 8
58 62 6
58 63 7
58 64 5
58 65 8
58 66 5
58 67 4
58 68 4
58 69 6
58 70 7
58 71 4
58 72 7
58 73 3
58 74 8
58 75 10
58 76 5
58 77 9
58 78 6
58 79 9
58 80 2
58 81 6
58 82 7
58 83 6
58 84 10
58 85 5
58 86 5
58 87 5
58 88 3
58 89 8
58 90 7
58 91 10
58 92 3
58 93 7
58 94 5
58 95 5
58 96 6
58 97 8
58 98 5
58 99 7
59 60 7
59 61 7
59 62 9
59 63 6
59 64 4
59 65 4
59 66 7
59 67 7
59 68 9
59 69 3
59 70 6
59 71 6
59 72 9
59 73 9
59 74 5
59 75 8
59 76 6
59 77 6
59 78 6
59 79 9
59 80 8
59 81 4
59 82 9
59 83 9
59 84 10
59 85 4
59 86 5
59 87 9
59 88 6
59 89 3
59 90 6
59 91 9
59 92 8
59 93 8
59 94 7
59 95 6
59 96 4
59 97 8
59 98 4
59 99 4
60 61 6
60 62 7
60 63 4
60 64 5
60 65 10
60 66 8
60 67 9
60 68 6
60 69 9
60 70 4
60 71 5
60 72 8
60 73 6
60 74 10
60 75 8
60 76 5
60 77 5
60 78 3
60 79 7
60 80 10
60 81 3
60 82 9
60 83 7
60 84 3
60 85 4
60 86 4
60 87 9
60 88 5
60 89 3
60 90 5
60 91 4
60 92 6
60 93 5
60 94 8
60 95 7
60 96 6
60 97 5
60 98 5
60 99 8
61 62 7
61 63 11
61 64 8
61 65 11
61 66 6
61 67 9
61 68 8
61 69 6
61 70 7
61 71 3
61 72 2
61 73 6
61 74 9
61 75 7
61 76 8
61 77 7
61 78 8
61 79 10
61 80 5
61 81 7
61 82 4
61 83 6
61 84 4
61 85 9
61 86 4
61 87 5
61 88 5
61 89 5
61 90 3
61 91 9
61 92 6
61 93 4
61 94 3
61 95 4
61 96 5
61 97 6
61 98 8
61 99 7
62 63 4
62 64 6
62 65 7
62 66 7
62 67 6
62 68 10
62 69 4
62 70 3
62 71 5
62 72 5
62 73 7
62 74 10
62 75 7
62 76 3
62 77 5
62 78 9
62 79 3
62 80 8
62 81 8
62 82 11
62 83 8
62 84 4
62 85 5
62 86 8
62 87 5
62 88 10
62 89 7
62 90 4
62 91 4
62 92 4
62 93 5
62 94 8
62 95 5
62 96 3
62 97 6
62 98 7
62 99 3
63 64 6
63 65 5
63 66 8
63 67 9
63 68 9
63 69 6
63 70 5
63 71 4
63 72 3
63 73 4
63 74 3
63 75 3
63 76 6
63 77 10
63 78 4
63 79 5
63 80 8
63 81 4
63 82 6
63 83 11
63 84 6
63 85 5
63 86 9
63 87 5
63 88 7
63 89 8
63 90 10
63 91 5
63 92 8
63 93 8
63 94 4
63 95 5
63 96 9
63 97 9
63 98 9
63 99 5
64 65 5
64 66 5
64 67 5
64 68 5
64 69 9
64 70 4
64 71 9
64 72 3
64 73 8
64 74 6
64 75 7
64 76 9
64 77 10
64 78 3
64 79 3
64 80 7
64 81 4
64 82 3
64 83 9
64 84 5
64 85 7
64 86 3
64 87 7
64 88 7
64 89 5
64 90 4
64 91 3
64 92 5
64 93 6
64 94 2
64 95 6
64 96 4
64 97 9
64 98 7
64 99 4
65 66 5
65 67 10
65 68 10
65 69 7
65 70 9
65 71 6
65 72 3
65 73 7
65 74 6
65 75 6
65 76 6
65 77 5
65 78 4
65 79 6
65 80 5
65 81 8
65 82 4
65 83 3
65 84 6
65 85 10
65 86 7
65 87 9
65 88 5
65 89 9
65 90 9
65 91 6
65 92 3
65 93 3
65 94 4
65 95 7
65 96 5
65 97 6
65 98 4
65 99 9
66 67 6
66 68 6
66 69 4
66 70 8
66 71 7
66 72 7
66 73 9
66 74 3
66 75 6
66 76 11
66 77 3
66 78 4
66 79 10
66 80 6
66 81 9
66 82 6
66 83 8
66 84 3
66 85 9
66 86 9
66 87 10
66 88 8
66 89 10
66 90 5
66 91 6
66 92 9
66 93 4
66 94 6
66 95 8
66 96 9
66 97 5
66 98 4
66 99 3
67 68 8
67 69 4
67 70 9
67 71 9
67 72 4
67 73 5
67 74 8
67 75 10
67 76 7
67 77 8
67 78 4
67 79 3
67 80 5
67 81 6
67 82 5
67 83 11
67 84 7
67 85 9
67 86 10
67 87 3
67 88 9
67 89 6
67 90 7
67 91 6
67 92 8
67 93 8
67 94 8
67 95 8
67 96 5
67 97 7
67 98 3
67 99 6
68 69 4
68 70 10
68 71 8
68 72 3
68 73 5
68 74 5
68 75 3
68 76 8
68 77 5
68 78 3
68 79 6
68 80 4
68 81 7
68 82 5
68 83 5
68 84 6
68 85 5
68 86 5
68 87 8
68 88 6
68 89 9
68 90 5
68 91 5
68 92 7
68 93 2
68 94 5
68 95 6
68 96 5
68 97 6
68 98 7
68 99 3
69 70 10
69 71 6
69 72 9
69 73 5
69 74 8
69 75 8
69 76 10
69 77 4
69 78 4
69 79 5
69 80 5
69 81 7
69 82 10
69 83 7
69 84 3
69 85 5
69 86 3
69 87 8
69 88 8
69 89 3
69 90 10
69 91 7
69 92 7
69 93 10
69 94 8
69 95 7
69 96 5
69 97 8
69 98 5
69 99 6
70 71 8
70 72 6
70 73 4
70 74 3
70 75 10
70 76 6
70 77 3
70 78 3
70 79 6
70 80 6
70 81 7
70 82 4
70 83 3
70 84 5
70 85 7
70 86 5
70 87 5
70 88 5
70 89 5
70 90 6
70 91 3
70 92 6
70 93 4
70 94 5
70 95 7
70 96 9
70 97 6
70 98 8
70 99 4
71 72 8
71 73 4
71 74 5
71 75 8
71 76 6
71 77 4
71 78 3
71 79 3
71 80 5
71 81 5
71 82 9
71 83 5
71 84 2
71 85 6
71 86 10
71 87 8
71 88 8
71 89 8
71 90 2
71 91 8
71 92 10
71 93 5
71 94 4
71 95 9
71 96 7
71 97 5
71 98 4
71 99 3
72 73 6
72 74 9
72 75 3
72 76 7
72 77 4
72 78 4
72 79 4
72 80 10
72 81 3
72 82 7
72 83 7
72 84 4
72 85 7
72 86 3
72 87 8
72 88 4
72 89 7
72 90 3
72 91 9
72 92 11
72 93 9
72 94 6
72 95 9
72 96 2
72 97 6
72 98 4
72 99 9
73 74 7
73 75 6
73 76 3
73 77 8
73 78 9
73 79 9
73 80 7
73 81 8
73 82 6
73 83 4
73 84 5
73 85 10
73 86 4
73 87 9
73 88 7
73 89 8
73 90 4
73 91 9
73 92 5
73 93 9
73 94 4
73 95 7
73 96 5
73 97 6
73 98 10
73 99 8
74 75 3
74 76 6
74 77 8
74 78 3
74 79 2
74 80 3
74 81 6
74 82 6
74 83 9
74 84 3
74 85 3
74 86 6
74 87 10
74 88 3
74 89 9
74 90 4
74 91 8
74 92 4
74 93 8
74 94 8
74 95 8
74 96 8
74 97 7
74 98 7
74 99 10
75 76 5
75 77 5
75 78 8
75 79 10
75 80 6
75 81 5
75 82 8
75 83 7
75 84 8
75 85 8
75 86 5
75 87 8
75 88 6
75 89 3
75 90 2
75 91 10
75 92 9
75 93 8
75 94 3
75 95 4
75 96 3
75 97 5
75 98 6
75 99 9
76 77 8
76 78 3
76 79 4
76 80 4
76 81 8
76 82 6
76 83 7
76 84 9
76 85 8
76 86 8
76 87 7
76 88 6
76 89 4
76 90 8
76 91 8
76 92 9
76 93 5
76 94 6
76 95 6
76 96 8
76 97 9
76 98 8
76 99 4
77 78 5
77 79 3
77 80 4
77 81 9
77 82 10
77 83 3
77 84 9
77 85 6
77 86 9
77 87 8
77 88 6
77 89 6
77 90 6
77 91 6
77 92 6
77 93 4
77 94 5
77 95 7
77 96 4
77 97 4
77 98 6
77 99 4
78 79 8
78 80 7
78 81 10
78 82 5
78 83 10
78 84 8
78 85 7
78 86 2
78 87 5
78 88 9
78 89 9
78 90 5
78 91 6
78 92 7
78 93 8
78 94 4
78 95 4
78 96 4
78 97 6
78 98 8
78 99 5
79 80 7
79 81 3
79 82 6
79 83 6
79 84 4
79 85 6
79 86 4
79 87 7
79 88 5
79 89 5
79 90 6
79 91 2
79 92 8
79 93 6
79 94 5
79 95 5
79 96 7
79 97 4
79 98 5
79 99 6
80 81 7
80 82 7
80 83 6
80 84 9
80 85 11
80 86 6
80 87 5
80 88 6
80 89 8
80 90 7
80 91 5
80 92 5
80 93 4
80 94 5
80 95 8
80 96 5
80 97 5
80 98 9
80 99 5
81 82 5
81 83 5
81 84 6
81 85 7
81 86 7
81 87 3
81 88 10
81 89 7
81 90 8
81 91 4
81 92 8
81 93 4
81 94 3
81 95 5
81 96 4
81 97 7
81 98 10
81 99 5
82 83 4
82 84 4
82 85 3
82 86 8
82 87 7
82 88 8
82 89 5
82 90 7
82 91 4
82 92 7
82 93 4
82 94 8
82 95 6
82 96 7
82 97 3
82 98 7
82 99 8
83 84 5
83 85 4
83 86 7
83 87 10
83 88 8
83 89 6
83 90 10
83 91 11
83 92 8
83 93 7
83 94 6
83 95 6
83 96 7
83 97 6
83 98 5
83 99 7
84 85 3
84 86 6
84 87 6
84 88 5
84 89 3
84 90 9
84 91 8
84 92 6
84 93 7
84 94 5
84 95 3
84 96 9
84 97 7
84 98 6
84 99 5
85 86 4
85 87 4
85 88 8
85 89 7
85 90 8
85 91 3
85 92 8
85 93 7
85 94 8
85 95 9
85 96 5
85 97 6
85 98 9
85 99 3
86 87 3
86 88 8
86 89 6
86 90 6
86 91 10
86 92 5
86 93 4
86 94 9
86 95 6
86 96 8
86 97 3
86 98 4
86 99 6
87 88 6
87 89 3
87 90 8
87 91 8
87 92 4
87 93 9
87 94 7
87 95 2
87 96 8
87 97 5
87 98 5
87 99 10
88 89 4
88 90 7
88 91 6
88 92 6
88 93 6
88 94 5
88 95 5
88 96 9
88 97 8
88 98 8
88 99 4
89 90 6
89 91 7
89 92 3
89 93 5
89 94 3
89 95 7
89 96 5
89 97 3
89 98 4
89 99 4
90 91 9
90 92 5
90 93 6
90 94 4
90 95 9
90 96 4
90 97 5
90 98 6
90 99 8
91 92 9
91 93 8
91 94 4
91 95 2
91 96 8
91 97 7
91 98 4
91 99 8
92 93 4
92 94 6
92 95 3
92 96 6
92 97 3
92 98 8
92 99 6
93 94 6
93 95 7
93 96 8
93 97 10
93 98 8
93 99 6
94 95 5
94 96 5
94 97 5
94 98 6
94 99 5
95 96 4
95 97 7
95 98 9
95 99 7
96 97 8
96 98 2
96 99 10
97 98 9
97 99 3
98 99 4
