0 1 8
0 2 8
0 3 7
0 4 6
0 5 4
0 6 4
0 7 8
0 8 8
0 9 4
0 10 5
0 11 10
0 12 8
0 13 4
0 14 4
0 15 7
0 16 3
0 17 5
0 18 4
0 19 9
1 2 7
1 3 5
1 4 7
1 5 3
1 6 9
1 7 8
1 8 5
1 9 7
1 10 6
1 11 3
1 12 3
1 13 4
1 14 4
1 15 5
1 16 5
1 17 5
1 18 10
1 19 5
2 3 5
2 4 9
2 5 8
2 6 6
2 7 2
2 8 6
2 9 9
2 10 5
2 11 6
2 12 5
2 13 7
2 14 4
2 15 9
2 16 8
2 17 4
2 18 10
2 19 4
3 4 7
3 5 6
3 6 7
3 7 5
3 8 10
3 9 6
3 10 7
3 11 6
3 12 3
3 13 8
3 14 5
3 15 6
3 16 4
3 17 5
3 18 8
3 19 7
4 5 8
4 6 6
4 7 6
4 8 6
4 9 7
4 10 2
4 11 5
4 12 3
4 13 8
4 14 8
4 15 10
4 16 8
4 17 7
4 18 6
4 19 6
5 6 6
5 7 4
5 8 7
5 9 5
5 10 7
5 11 7
5 12 9
5 13 9
5 14 8
5 15 4
5 16 4
5 17 5
5 18 4
5 19 6
6 7 9
6 8 5
6 9 2
6 10 5
6 11 5
6 12 10
6 13 4
6 14 8
6 15 9
6 16 5
6 17 5
6 18 4
6 19 3
7 8 5
7 9 8
7 10 8
7 11 9
7 12 7
7 13 4
7 14 7
7 15 7
7 16 5
7 17 5
7 18 4
7 19 7
8 9 6
8 10 4
8 11 7
8 12 8
8 13 7
8 14 6
8 15 3
8 16 3
8 17 8
8 18 9
8 19 5
9 10 8
9 11 5
9 12 11
9 13 7
9 14 3
9 15 3
9 16 5
9 17 6
9 18 6
9 19 3
10 11 8
10 12 5
10 13 5
10 14 6
10 15 5
10 16 7
10 17 10
10 18 7
10 19 8
11 12 7
11 13 8
11 14 5
11 15 7
11 16 4
11 17 6
11 18 6
11 19 5
12 13 8
12 14 7
12 15 8
12 16 7
12 17 5
12 18 8
12 19 8
13 14 5
13 15 11
13 16 6
13 17 3
13 18 6
13 19 9
14 15 5
14 16 3
14 17 4
14 18 6
14 19 8
15 16 7
15 17 9
15 18 10
15 19 4
16 17 8
16 18 5
16 19 5
17 18 5
17 19 7
18 19 8
